labels 1 16 8 2 5 21 14 12 9 7 13 26 6
1 0.398327 0.164522 0.262426 0.0174438 0.0220619 0.0584314 0.00764723 0.00259527 0.026758 0.0136868 0.0147879 0.0102243 0.00108765
8 0.312094 0.136745 0.313973 0.025081 0.04471 0.0659636 0.010198 0.00360528 0.025661 0.0295729 0.0164547 0.0149332 0.0010079
8 0.00557452 0.288505 0.446563 0.130567 0.00223614 0.016509 0.00257711 0.00402387 0.0192143 0.0709459 0.00720816 0.00492004 0.00115622
21 0.11297 0.221569 0.0748712 0.0140804 0.0744366 0.361995 0.00877584 0.00874035 0.0400668 0.029889 0.0307028 0.0174453 0.00445779
1 0.566117 0.0812315 0.124417 0.0130558 0.0272242 0.049912 0.00541073 0.00585575 0.0782544 0.0245258 0.0150845 0.0074218 0.0014894
1 0.281497 0.12788 0.20548 0.0146868 0.0650353 0.118567 0.0121737 0.00547633 0.053675 0.0192858 0.0271223 0.0670555 0.00206545
8 0.0590811 0.12604 0.573228 0.011558 0.0134219 0.0538567 0.00638705 0.00426597 0.0806835 0.0462013 0.0138738 0.0104165 0.000986379
16 0.0235305 0.435911 0.297877 0.0143274 0.0353714 0.143848 0.00210139 0.00154933 0.0168392 0.00805769 0.0129859 0.00673062 0.000870827
21 0.104504 0.187473 0.145008 0.014039 0.0396103 0.373659 0.00903622 0.00527291 0.0595658 0.0319381 0.01117 0.01646 0.00226383
5 0.239147 0.103439 0.0520241 0.00977582 0.455494 0.0496227 0.00419081 0.00436162 0.0385753 0.0240151 0.00894845 0.00788864 0.00251751
16 0.215453 0.257564 0.170416 0.0266146 0.058034 0.118357 0.0188814 0.0099205 0.0349262 0.0444326 0.0299448 0.0120185 0.00343766
16 0.206442 0.27232 0.182786 0.0354572 0.0773304 0.065672 0.00762702 0.00783149 0.0775244 0.029142 0.0243532 0.0117668 0.00174753
1 0.51249 0.0668012 0.0997956 0.019308 0.0435914 0.197336 0.00388873 0.00289778 0.018885 0.00951367 0.0125708 0.0113279 0.00159461
8 0.0861669 0.0917182 0.588829 0.0153815 0.0242985 0.058001 0.00660415 0.00469735 0.0629 0.0351658 0.0148745 0.0100874 0.00127522
8 0.0792545 0.0688116 0.57788 0.0212287 0.0203731 0.0498406 0.00605732 0.0124295 0.0920563 0.0426773 0.0130942 0.0148273 0.00146944
8 0.105896 0.0710582 0.423846 0.0178855 0.0211638 0.0469971 0.0143584 0.00707975 0.106789 0.157224 0.0145551 0.0109618 0.00218635
8 0.0121754 0.372411 0.459242 0.0066908 0.00680811 0.0717148 0.00377354 0.00203316 0.02523 0.0177362 0.0134725 0.00770803 0.00100522
16 0.00431246 0.667893 0.221426 0.00307966 0.00275682 0.0594617 0.00159768 0.00126908 0.00680432 0.0101937 0.0179639 0.002399 0.000843071
8 0.268305 0.12306 0.328407 0.0198948 0.0388279 0.0950611 0.0080544 0.00505 0.051057 0.0310805 0.0180084 0.0121885 0.00100523
8 0.259239 0.103619 0.362946 0.0239111 0.0362131 0.0940254 0.0179021 0.00405195 0.0294192 0.0315812 0.0231203 0.012905 0.00106621
1 0.494232 0.0541104 0.228998 0.0178168 0.0777682 0.0653519 0.00555204 0.00175155 0.025677 0.0159012 0.00376031 0.00780496 0.00127568
1 0.373284 0.0600705 0.141026 0.0224176 0.0687092 0.13724 0.00779699 0.00559372 0.0216871 0.0192752 0.0107826 0.127613 0.00450408
8 0.00387833 0.0907982 0.512219 0.0120886 0.00160897 0.0977832 0.00431618 0.00175887 0.239156 0.0171268 0.0120606 0.00606812 0.00113726
8 0.208464 0.107361 0.41679 0.016994 0.0660009 0.0743687 0.00705421 0.00531209 0.048803 0.0233153 0.0119733 0.0121931 0.00136981
1 0.413567 0.112606 0.120498 0.0230979 0.0473769 0.0827422 0.0144309 0.00666672 0.11975 0.0236356 0.0201876 0.0128847 0.00255545
16 0.0175452 0.465207 0.349283 0.0101654 0.00603825 0.0632017 0.00264263 0.00185312 0.0511511 0.0186228 0.00768219 0.00589025 0.000717329
8 0.0517546 0.0470207 0.667986 0.0149691 0.0153002 0.054924 0.00664519 0.007432 0.0747776 0.0279228 0.0178004 0.0117875 0.00167959
1 0.285007 0.236302 0.2212 0.016188 0.0479328 0.117713 0.00835052 0.00421167 0.0181153 0.014956 0.0165881 0.0112349 0.00220134
8 0.0431608 0.056885 0.716119 0.0150567 0.0183756 0.0580695 0.00699889 0.00451011 0.0330912 0.0236464 0.0120289 0.0104079 0.00164969
8 0.0197794 0.0375577 0.700906 0.0659936 0.00519106 0.0416553 0.0116695 0.0116649 0.0416244 0.0422505 0.0134811 0.00694401 0.00128291
16 0.0657281 0.532908 0.176112 0.0143954 0.018711 0.110671 0.00302252 0.00306158 0.0344726 0.0129368 0.0195847 0.0070676 0.00132923
16 0.0184854 0.717048 0.118472 0.00747106 0.0219223 0.0850142 0.00107889 0.000858907 0.00915415 0.00529919 0.00901856 0.00545163 0.000726165
1 0.569599 0.0454143 0.0866958 0.0285777 0.0474808 0.0621021 0.0118225 0.00504096 0.0699403 0.0550892 0.00633421 0.00987899 0.00202391
1 0.343516 0.120933 0.25945 0.0196416 0.0377391 0.0991649 0.00801205 0.00489182 0.0435074 0.0290517 0.0171881 0.0158012 0.00110367
16 0.0191196 0.560442 0.177011 0.00923742 0.00870483 0.136482 0.0140329 0.0112156 0.0215745 0.0157648 0.0196694 0.00555935 0.00118643
1 0.260503 0.223714 0.190443 0.0179655 0.124119 0.0928756 0.00736101 0.00473954 0.0300664 0.0217582 0.0143717 0.0105039 0.00157857
13 0.0263454 0.15692 0.111639 0.0136185 0.0160875 0.115709 0.144335 0.100993 0.0369762 0.0235795 0.238019 0.0106586 0.00512038
16 0.0447573 0.662533 0.132354 0.0151721 0.0215644 0.0723536 0.00324807 0.0026436 0.012786 0.0118989 0.0123005 0.00729849 0.00108982
16 0.0566768 0.4757 0.106357 0.0117204 0.0984383 0.145606 0.00734158 0.00503153 0.0403854 0.0204467 0.0123885 0.017565 0.00234284
1 0.440852 0.0599611 0.200845 0.0122263 0.1192 0.104227 0.00374387 0.0022882 0.0220698 0.0171338 0.00572332 0.0102498 0.0014787
21 0.00914443 0.122423 0.196842 0.0158133 0.0104373 0.488177 0.0112565 0.00224745 0.0988051 0.0165179 0.00577502 0.0211729 0.00138705
16 0.0247971 0.808789 0.0484682 0.00639291 0.020197 0.0542702 0.00387872 0.00204506 0.00833557 0.00759151 0.00931646 0.00488158 0.00103679
8 0.200337 0.124237 0.414989 0.0212722 0.0326927 0.0805455 0.0165754 0.00417424 0.0383 0.0287871 0.0250209 0.0119213 0.00114795
8 0.206501 0.0997772 0.384914 0.0192443 0.0764169 0.0752859 0.0083951 0.00543012 0.0616909 0.02993 0.0172328 0.0127377 0.00244357
8 0.110433 0.0876419 0.535116 0.0177095 0.0274144 0.088148 0.0095016 0.00539647 0.0551157 0.0252961 0.0220995 0.0147509 0.00137694
21 0.0111354 0.0936015 0.21865 0.00801934 0.0216888 0.563627 0.0100119 0.00416622 0.0361475 0.0151967 0.00454229 0.011901 0.00131167
1 0.385959 0.0872692 0.221994 0.0253534 0.0321254 0.0923641 0.0128212 0.00909506 0.0406962 0.0322362 0.0164126 0.0421274 0.0015461
8 0.0309429 0.158567 0.547976 0.00895255 0.0507362 0.0354441 0.00564899 0.00328731 0.0932272 0.0468844 0.00579244 0.0110727 0.00146912
8 0.0966355 0.076591 0.595619 0.0186609 0.0305704 0.0699068 0.00751449 0.00504268 0.0441819 0.0281656 0.0142698 0.0115136 0.00132812
8 0.132472 0.058958 0.577031 0.0146636 0.0174727 0.0540107 0.00814788 0.00415283 0.033391 0.0619642 0.0244121 0.0120667 0.00125719
8 0.0643196 0.220112 0.448887 0.0183031 0.0466912 0.0493265 0.00734073 0.00475923 0.0764029 0.0392737 0.0134617 0.00982259 0.00129945
8 0.0575162 0.0662931 0.574609 0.00988935 0.0288551 0.0504528 0.00637461 0.00464289 0.107171 0.0702752 0.0138834 0.00879463 0.00124351
8 0.113133 0.0926599 0.528003 0.0160456 0.03205 0.0690885 0.00792617 0.00559109 0.0740112 0.0313977 0.0176268 0.0111102 0.00135747
1 0.681517 0.0326157 0.103503 0.0095099 0.0549095 0.0480376 0.0032352 0.00445353 0.0191551 0.00693307 0.0282933 0.00646608 0.00137102
1 0.247285 0.125091 0.144029 0.0159311 0.11503 0.169953 0.00767217 0.00442334 0.0576549 0.0247699 0.00600618 0.0781435 0.00401144
8 0.167869 0.175756 0.363645 0.0191068 0.0320742 0.101967 0.00836594 0.0057125 0.0449561 0.027951 0.0385452 0.0118508 0.00219991
8 0.0598847 0.114626 0.521764 0.0265839 0.0231019 0.0753787 0.0074647 0.0049604 0.0900403 0.0459056 0.0130699 0.014068 0.00315137
21 0.0609064 0.220567 0.176248 0.0181701 0.0185554 0.256069 0.0195554 0.00669657 0.12832 0.0629387 0.0168834 0.0122281 0.00286177
8 0.0616239 0.135379 0.513203 0.010466 0.0510018 0.0508877 0.00595515 0.00308144 0.106522 0.0402434 0.00807833 0.0122609 0.00129652
1 0.372517 0.0631923 0.168569 0.0171234 0.0811842 0.233095 0.00432716 0.00221126 0.0224409 0.0168541 0.0076967 0.00975023 0.00103945
8 0.0376147 0.313838 0.421876 0.00681948 0.0124859 0.0632507 0.0055254 0.00409885 0.0286452 0.016642 0.0806361 0.0071748 0.00139305
8 0.215532 0.0853971 0.493856 0.0147807 0.0271009 0.0613463 0.00635502 0.0042565 0.0392805 0.0276653 0.0146525 0.00773947 0.00203739
1 0.487545 0.0372611 0.225888 0.0103701 0.108908 0.0405388 0.00830794 0.00625283 0.0252409 0.0224326 0.0183566 0.00748607 0.00141267
8 0.118497 0.082346 0.457775 0.0398065 0.0879513 0.109801 0.0100479 0.00452314 0.0281885 0.034145 0.0103183 0.0136794 0.00292087
1 0.332293 0.0656739 0.182112 0.0183703 0.0653964 0.22871 0.00474012 0.00277149 0.042584 0.0376739 0.00878135 0.00967061 0.00122272
8 0.268305 0.12306 0.328407 0.0198948 0.0388279 0.0950611 0.0080544 0.00505 0.051057 0.0310805 0.0180084 0.0121885 0.00100523
5 0.0992631 0.226748 0.127766 0.0289866 0.276848 0.120174 0.0112304 0.010818 0.0346665 0.033164 0.0101015 0.0161257 0.00410812
1 0.444394 0.109136 0.0734695 0.0137522 0.22104 0.051813 0.00677517 0.00416598 0.02254 0.0249252 0.010198 0.0158972 0.00189438
8 0.178709 0.159905 0.265239 0.0363431 0.0618013 0.16708 0.010621 0.00464045 0.060852 0.0199249 0.0189249 0.0144183 0.00154077
8 0.0489325 0.0854286 0.655404 0.0070672 0.0260681 0.0569856 0.0076167 0.00439231 0.0678023 0.0192305 0.0124139 0.00754134 0.0011169
8 0.0473317 0.0604101 0.742233 0.00466081 0.00676629 0.0190746 0.00316116 0.00348242 0.05521 0.034484 0.0176932 0.00453257 0.000960311
1 0.489808 0.0556262 0.155178 0.0144443 0.024296 0.205918 0.00418087 0.00262213 0.0151269 0.0111114 0.0114113 0.00896602 0.00131072
16 0.0320963 0.685902 0.108746 0.0139995 0.014695 0.0908334 0.00260555 0.00184022 0.0158228 0.0111456 0.0144911 0.00669626 0.00112666
8 0.230464 0.119409 0.343214 0.0199872 0.0382593 0.090481 0.00834033 0.00551617 0.0800973 0.031913 0.0186266 0.012498 0.00119392
21 0.0658234 0.0708214 0.227608 0.0160211 0.034142 0.487994 0.00825499 0.00598719 0.0249313 0.0219867 0.0159054 0.0183701 0.0021546
1 0.56792 0.0389717 0.156482 0.0088708 0.126685 0.0450862 0.00384435 0.00262942 0.0206098 0.0131896 0.00603558 0.00849925 0.0011764
8 0.139695 0.104436 0.454893 0.0401855 0.0140529 0.098125 0.0258259 0.00430318 0.0396082 0.0270167 0.0355002 0.0148377 0.00152074
8 0.0166383 0.0644882 0.71671 0.00889703 0.0277658 0.0116796 0.0117152 0.00272412 0.0993526 0.0205102 0.0122914 0.00589181 0.00133519
8 0.217783 0.121689 0.358681 0.036152 0.0225386 0.0864347 0.0133645 0.00503769 0.0564913 0.047179 0.0185977 0.0146657 0.00138555
8 0.279915 0.0908424 0.362491 0.0273891 0.0670128 0.0837934 0.0099322 0.00541473 0.0159165 0.0205706 0.0114897 0.0220049 0.00322834
1 0.488683 0.0207672 0.0472553 0.0067662 0.272484 0.119659 0.00702512 0.00264174 0.0113585 0.00561992 0.00997677 0.00617869 0.00158438
1 0.267409 0.166119 0.118731 0.0161249 0.175915 0.0772807 0.0143731 0.0316118 0.039467 0.0206333 0.0528387 0.0144533 0.00504356
8 0.249328 0.151417 0.281175 0.0211824 0.0510278 0.131245 0.00877806 0.00417577 0.0443548 0.0328028 0.010307 0.0131409 0.00106588
8 0.199537 0.106462 0.387852 0.0205214 0.0360964 0.147286 0.00634982 0.00498171 0.0419894 0.015924 0.0206956 0.0111733 0.00113149
8 0.0774867 0.0550807 0.599906 0.00916168 0.0321328 0.0225029 0.00577441 0.00504394 0.137137 0.0365672 0.0104615 0.00761567 0.00112956
8 0.141799 0.088436 0.485202 0.0128591 0.0200888 0.0862937 0.00706192 0.00489329 0.0511148 0.0737325 0.0168829 0.0101639 0.00147153
1 0.610953 0.0548157 0.13549 0.0173202 0.0359757 0.0728898 0.00619246 0.00357184 0.0223457 0.018677 0.010738 0.009739 0.00129216
21 0.082579 0.0658361 0.16303 0.0151171 0.0505996 0.516788 0.00773183 0.00757843 0.0306887 0.0246344 0.0180041 0.0150393 0.00237242
16 0.0213196 0.608987 0.157444 0.0393297 0.00873308 0.0993795 0.00344794 0.00246583 0.0193431 0.0138457 0.017237 0.00751131 0.000955539
8 0.0179577 0.0970922 0.58357 0.0107114 0.00958702 0.0620049 0.0211005 0.00531973 0.0947727 0.0344928 0.0432119 0.0186689 0.00151007
21 0.197601 0.087542 0.188871 0.0132863 0.0922334 0.248334 0.0101147 0.00857146 0.0526634 0.0137106 0.0642394 0.0186132 0.00421887
1 0.27301 0.115516 0.100114 0.0229763 0.17386 0.189363 0.00942241 0.0071026 0.0503525 0.0235424 0.0169441 0.0135643 0.00423231
8 0.0387558 0.110935 0.596832 0.0121506 0.0223938 0.0801185 0.00774923 0.00762718 0.054344 0.0270466 0.0292307 0.0109894 0.00182719
1 0.435345 0.113798 0.221067 0.0104295 0.0624709 0.0413348 0.00581949 0.00635092 0.054719 0.0297347 0.00753602 0.00980828 0.00158733
16 0.022863 0.558487 0.116507 0.0149415 0.0393057 0.186401 0.00245291 0.00177221 0.0141163 0.0172206 0.0136855 0.0111516 0.00109676
1 0.325396 0.106112 0.238654 0.0314306 0.0212622 0.0406874 0.00729189 0.0115006 0.109082 0.0663288 0.0279701 0.0104682 0.00381521
5 0.179528 0.0891298 0.0280945 0.0109237 0.579841 0.0564986 0.00608934 0.00353183 0.00923335 0.0111266 0.00891386 0.0134629 0.00362592
1 0.544481 0.10941 0.135534 0.0130551 0.0367332 0.0616901 0.00431652 0.00556436 0.0299029 0.0212868 0.0191175 0.0173008 0.00160755
8 0.11731 0.190647 0.395725 0.0194035 0.0258019 0.0921755 0.00871365 0.00579949 0.0510051 0.0460533 0.0324046 0.0132209 0.00173967
8 0.054955 0.1893 0.50737 0.013191 0.0134754 0.0507639 0.00718867 0.00325619 0.0775826 0.0483682 0.02224 0.0111789 0.00113031
8 0.117352 0.155585 0.417332 0.0158525 0.0466344 0.0723194 0.0083848 0.00634472 0.0471131 0.0382679 0.0599649 0.0131421 0.00170782
8 0.0143397 0.0594638 0.754781 0.00459501 0.0149137 0.0183897 0.00329706 0.00332574 0.0756593 0.0396386 0.0040509 0.00664576 0.000899702
16 0.00762126 0.46196 0.0351625 0.0177824 0.00828837 0.42835 0.00476755 0.00153831 0.00755953 0.0052226 0.0133994 0.00730338 0.00104432
8 0.213298 0.151937 0.400345 0.0240307 0.0478987 0.0663778 0.0103817 0.00375977 0.0234214 0.0292011 0.0140747 0.0138894 0.00138551
8 0.0313069 0.0321469 0.556383 0.0140908 0.0482929 0.12702 0.00803424 0.00720399 0.129093 0.0214135 0.0162103 0.00696672 0.00183826
8 0.22952 0.12157 0.367145 0.0200763 0.0362243 0.0934704 0.00817961 0.00531511 0.0469607 0.0397965 0.0183463 0.0122432 0.00115178
8 0.259786 0.112227 0.347064 0.0196141 0.0365188 0.0757166 0.00818343 0.00537294 0.0736857 0.0306441 0.017777 0.0122034 0.00120667
16 0.0498262 0.506928 0.216449 0.0171532 0.0169512 0.123794 0.0029284 0.00210389 0.0188389 0.017929 0.0177964 0.00830688 0.000995518
2 0.20382 0.114443 0.195815 0.228826 0.0405403 0.0462222 0.018399 0.0159641 0.0558899 0.0406737 0.0201787 0.0156692 0.0035597
16 0.0725423 0.546067 0.177573 0.0189323 0.0228645 0.076142 0.00917455 0.0037196 0.0255231 0.0270895 0.00813712 0.0107522 0.00148285
8 0.0954964 0.0850416 0.606505 0.018409 0.022614 0.0488152 0.0084122 0.00446106 0.0388773 0.0333215 0.0239173 0.0126972 0.00143242
